param K := 10;
param eps := 0.001;

set Ct:= SC1 SC2 SC3 SC4;
set M := MS1_1 MS1_2 MS1_3 MS1_4 MS1_5 MS2_1 MS2_2 MS2_3 MS2_4 MS2_5 MS3_1 MS3_2 MS3_3 MS3_4 MS3_5 MS4_1 MS4_2 MS4_3 MS4_4 MS4_5;
set F := F1 F2 F3 F4 F5 F6 F7 F8 F9 F10;
set C["SC1"] := MS1_1 MS1_2 MS1_3 MS1_4 MS1_5;
set C["SC2"] := MS2_1 MS2_2 MS2_3 MS2_4 MS2_5;
set C["SC3"] := MS3_1 MS3_2 MS3_3 MS3_4 MS3_5;
set C["SC4"] := MS4_1 MS4_2 MS4_3 MS4_4 MS4_5;

param:      lm      Sm      Om      :=
MS1_1       150.0       0.00027330649674607853      0.00027330649674607853
MS1_2       150.0       0.0050396126618716475      0.0050396126618716475
MS1_3       150.0       0.0018929173709140955      0.0018929173709140955
MS1_4       150.0       0.002693952112863428      0.002693952112863428
MS1_5       150.0       0.00010021135760475072      0.00010021135760475072
MS2_1       150.0       0.005501560596694899      0.005501560596694899
MS2_2       150.0       0.0004640331736608062      0.0004640331736608062
MS2_3       150.0       0.0012453515981057858      0.0012453515981057858
MS2_4       150.0       0.0010865689932412796      0.0010865689932412796
MS2_5       150.0       0.0017024856382972294      0.0017024856382972294
MS3_1       150.0       0.001026314304960394      0.001026314304960394
MS3_2       150.0       0.0007644944364499241      0.0007644944364499241
MS3_3       150.0       0.0009172845093790118      0.0009172845093790118
MS3_4       150.0       0.001537497477157136      0.001537497477157136
MS3_5       150.0       0.0057544092720535345      0.0057544092720535345
MS4_1       150.0       0.0009948267475921658      0.0009948267475921658
MS4_2       150.0       0.0007450437062633186      0.0007450437062633186
MS4_3       150.0       0.005979402039756292      0.005979402039756292
MS4_4       150.0       0.001261699413498467      0.001261699413498467
MS4_5       150.0       0.0010190280928897566      0.0010190280928897566
;

param:  lc  :=
SC1   150.0
SC2   150.0
SC3   150.0
SC4   150.0
;

param   P   :=
 F1  1.0
 F2  1.0
 F3  1.0
 F4  1.0
 F5  1.0
 F6  1.0
 F7  1.0
 F8  1.0
 F9  1.0
 F10  1.0
;

param   o:    MS1_1    MS1_2    MS1_3    MS1_4    MS1_5    MS2_1    MS2_2    MS2_3    MS2_4    MS2_5    MS3_1    MS3_2    MS3_3    MS3_4    MS3_5    MS4_1    MS4_2    MS4_3    MS4_4    MS4_5    :=
    MS1_1    0    0    0    0    0    0    0    0    0    0    0    0    0    0    0    0    0    0    0    0
    MS1_2    1    0    0    0    0    0    0    0    0    0    0    0    0    0    0    0    0    0    0    0
    MS1_3    0    1    0    0    0    0    0    0    0    0    0    0    0    0    0    0    0    0    0    0
    MS1_4    0    0    1    0    0    0    0    0    0    0    0    0    0    0    0    0    0    0    0    0
    MS1_5    0    0    0    1    0    0    0    0    0    0    0    0    0    0    0    0    0    0    0    0
    MS2_1    0    0    0    0    0    0    0    0    0    0    0    0    0    0    0    0    0    0    0    0
    MS2_2    0    0    0    0    0    1    0    0    0    0    0    0    0    0    0    0    0    0    0    0
    MS2_3    0    0    0    0    0    0    1    0    0    0    0    0    0    0    0    0    0    0    0    0
    MS2_4    0    0    0    0    0    0    0    1    0    0    0    0    0    0    0    0    0    0    0    0
    MS2_5    0    0    0    0    0    0    0    0    1    0    0    0    0    0    0    0    0    0    0    0
    MS3_1    0    0    0    0    0    0    0    0    0    0    0    0    0    0    0    0    0    0    0    0
    MS3_2    0    0    0    0    0    0    0    0    0    0    1    0    0    0    0    0    0    0    0    0
    MS3_3    0    0    0    0    0    0    0    0    0    0    0    1    0    0    0    0    0    0    0    0
    MS3_4    0    0    0    0    0    0    0    0    0    0    0    0    1    0    0    0    0    0    0    0
    MS3_5    0    0    0    0    0    0    0    0    0    0    0    0    0    1    0    0    0    0    0    0
    MS4_1    0    0    0    0    0    0    0    0    0    0    0    0    0    0    0    0    0    0    0    0
    MS4_2    0    0    0    0    0    0    0    0    0    0    0    0    0    0    0    1    0    0    0    0
    MS4_3    0    0    0    0    0    0    0    0    0    0    0    0    0    0    0    0    1    0    0    0
    MS4_4    0    0    0    0    0    0    0    0    0    0    0    0    0    0    0    0    0    1    0    0
    MS4_5    0    0    0    0    0    0    0    0    0    0    0    0    0    0    0    0    0    0    1    0
;

param   d:    F1    F2    F3    F4    F5    F6    F7    F8    F9    F10    :=
    F1    0.0    0.001925232097989938    0.0020942894676034027    0.0022416875519544652    0.0012439784481948898    0.0018813909385291942    0.0024264239436444968    0.002247667722405317    0.0015225061401488993    0.0015225061401488993
    F2    0.001925232097989938    0.0    0.0020302670232324456    0.002485394001369642    0.0023889732916176666    0.0019478657868004065    0.0018690116569894883    0.0015225061401488993    0.002350182039854255    0.002350182039854255
    F3    0.0020942894676034027    0.0020302670232324456    0.0    0.0021537158560663338    0.002164012448001056    0.002233023619915892    0.002247667722405317    0.002350182039854255    0.002043846461356958    0.002043846461356958
    F4    0.0022416875519544652    0.002485394001369642    0.0021537158560663338    0.0    0.0021996417128711163    0.0024264239436444968    0.0015225061401488993    0.002043846461356958    0.002282659522187917    0.002282659522187917
    F5    0.0012439784481948898    0.0023889732916176666    0.002164012448001056    0.0021996417128711163    0.0    0.0018690116569894883    0.002350182039854255    0.002282659522187917    0.001923153468167562    0.001923153468167562
    F6    0.0018813909385291942    0.0019478657868004065    0.002233023619915892    0.0024264239436444968    0.0018690116569894883    0.0    0.002043846461356958    0.001923153468167562    0.0016501173997579364    0.0016501173997579364
    F7    0.0024264239436444968    0.0018690116569894883    0.002247667722405317    0.0015225061401488993    0.002350182039854255    0.002043846461356958    0.0    0.0016501173997579364    0.0013806928634299478    0.0013806928634299478
    F8    0.002247667722405317    0.0015225061401488993    0.002350182039854255    0.002043846461356958    0.002282659522187917    0.001923153468167562    0.0016501173997579364    0.0    0.0023720089537298487    0.0023720089537298487
    F9    0.0015225061401488993    0.002350182039854255    0.002043846461356958    0.002282659522187917    0.001923153468167562    0.0016501173997579364    0.0013806928634299478    0.0023720089537298487    0.0    0.0022032980369816745
    F10    0.0015225061401488993    0.002350182039854255    0.002043846461356958    0.002282659522187917    0.001923153468167562    0.0016501173997579364    0.0013806928634299478    0.0023720089537298487    0.0022032980369816745    0.0
;